# Title intro skip only; opening movie and opening dialogue play normally.
# Original pad-driven footsteps, spotted and into-the-alley path follows.
0 0000
1400 0008
1401 0000
1510 4000
1511 0000
1650 4000
1651 0000
4600 8010
4870 0000
5400 4000
5401 0000
5600 4000
5601 0000
5800 4000
5801 0000
7000 0020
7017 0000
7040 8010
7800 0000
8000 8010
9300 0000
9350 0080
9383 0000
9410 8010
9510 0000
9550 4000
9554 0000
# Continued walking after the verified 11000-frame alley checkpoint.
11100 8010
11240 0000
11260 0020
11294 0000
11310 8010
11610 0000
11630 0020
11664 0000
11680 8010
11900 0000
11920 0080
11954 0000
11970 8010
12030 0000
12050 0020
12084 0000
12100 8010
12250 0000
12270 0080
12304 0000
12320 8010
12365 0000
12400 4000
12404 0000
12500 0020
12520 0000
12540 8010
12740 0000
12760 0080
12794 0000
12820 8010
12850 0000
12900 4000
12904 0000
12950 4000
12954 0000
